0.138038	4.79E-01	1.72E+00
0.141254	5.06E-01	1.78E+00
0.144544	5.34E-01	1.84E+00
0.147911	5.64E-01	1.89E+00
0.151356	5.96E-01	1.95E+00
0.154882	6.29E-01	2.01E+00
0.158489	6.64E-01	2.07E+00
0.162181	7.01E-01	2.13E+00
0.165959	7.40E-01	2.19E+00
0.169824	7.82E-01	2.26E+00
0.17378	8.26E-01	2.32E+00
0.177828	8.73E-01	2.39E+00
0.18197	9.23E-01	2.45E+00
0.186209	9.76E-01	2.52E+00
0.190546	1.03E+00	2.59E+00
0.194984	1.09E+00	2.66E+00
0.199526	1.16E+00	2.73E+00
0.204174	1.23E+00	2.80E+00
0.20893	1.30E+00	2.87E+00
0.213796	1.38E+00	2.95E+00
0.218776	1.47E+00	3.02E+00
0.223872	1.56E+00	3.09E+00
0.229087	1.66E+00	3.16E+00
0.234423	1.77E+00	3.23E+00
0.239883	1.89E+00	3.30E+00
0.245471	2.01E+00	3.37E+00
0.251189	2.14E+00	3.43E+00
0.25704	2.29E+00	3.48E+00
0.263027	2.44E+00	3.53E+00
0.269153	2.61E+00	3.57E+00
0.275423	2.78E+00	3.60E+00
0.281838	2.96E+00	3.62E+00
0.288403	3.15E+00	3.62E+00
0.295121	3.35E+00	3.60E+00
0.301995	3.55E+00	3.57E+00
0.30903	3.75E+00	3.51E+00
0.316228	3.95E+00	3.44E+00
0.323594	4.15E+00	3.34E+00
0.331131	4.33E+00	3.21E+00
0.338844	4.49E+00	3.08E+00
0.346737	4.64E+00	2.92E+00
0.354813	4.77E+00	2.75E+00
0.363078	4.87E+00	2.58E+00
0.371535	4.96E+00	2.40E+00
0.380189	5.02E+00	2.22E+00
0.389045	5.07E+00	2.05E+00
0.398107	5.10E+00	1.88E+00
0.40738	5.11E+00	1.71E+00
0.416869	5.11E+00	1.56E+00
0.42658	5.10E+00	1.41E+00
0.436516	5.08E+00	1.27E+00
0.446684	5.06E+00	1.14E+00
0.457088	5.03E+00	1.02E+00
0.467735	4.99E+00	9.07E-01
0.47863	4.95E+00	8.00E-01
0.489779	4.90E+00	7.01E-01
0.501187	4.85E+00	6.10E-01
0.512861	4.80E+00	5.26E-01
0.524807	4.74E+00	4.49E-01
0.537032	4.69E+00	3.80E-01
0.549541	4.63E+00	3.18E-01
0.562341	4.57E+00	2.62E-01
0.57544	4.51E+00	2.13E-01
0.588844	4.46E+00	1.69E-01
0.60256	4.40E+00	1.32E-01
0.616595	4.34E+00	9.93E-02
0.630957	4.29E+00	7.21E-02
0.645654	4.24E+00	5.00E-02
0.660693	4.19E+00	3.27E-02
0.676083	4.14E+00	2.02E-02
0.691831	4.10E+00	1.23E-02
0.707946	4.06E+00	7.57E-03
0.724436	4.02E+00	4.78E-03
0.74131	3.99E+00	3.15E-03
0.758578	3.96E+00	2.25E-03
0.776247	3.93E+00	1.82E-03
0.794328	3.91E+00	1.69E-03
0.812831	3.89E+00	1.75E-03
0.831764	3.87E+00	1.90E-03
0.851138	3.85E+00	2.05E-03
0.870964	3.83E+00	2.16E-03
0.891251	3.82E+00	2.17E-03
0.912011	3.80E+00	2.08E-03
0.933254	3.79E+00	1.90E-03
0.954993	3.77E+00	1.66E-03
0.977237	3.76E+00	1.39E-03
1	3.75E+00	1.11E-03
1.02329	3.74E+00	8.59E-04
1.04713	3.73E+00	6.39E-04
1.07152	3.72E+00	4.59E-04
1.09648	3.71E+00	3.20E-04
1.12202	3.70E+00	2.17E-04
1.14815	3.69E+00	1.43E-04
1.1749	3.69E+00	9.21E-05
1.20226	3.68E+00	5.80E-05
1.23027	3.67E+00	3.58E-05
1.25893	3.67E+00	2.17E-05
1.28825	3.66E+00	1.29E-05
1.31826	3.65E+00	7.54E-06
1.34896	3.65E+00	4.29E-06
1.38038	3.64E+00	2.42E-06
1.41254	3.64E+00	1.37E-06
1.44544	3.63E+00	7.65E-07
1.47911	3.63E+00	4.25E-07
1.51356	3.63E+00	2.34E-07
1.54882	3.62E+00	1.28E-07
1.58489	3.62E+00	6.97E-08
1.62181	3.61E+00	3.78E-08
1.65959	3.61E+00	2.05E-08
1.69824	3.61E+00	1.10E-08
1.7378	3.60E+00	5.95E-09
1.77828	3.60E+00	3.20E-09
1.8197	3.60E+00	1.73E-09
1.86209	3.60E+00	9.29E-10
1.90546	3.59E+00	5.01E-10
1.94984	3.59E+00	2.71E-10
1.99526	3.59E+00	1.47E-10
2.04174	3.59E+00	7.96E-11
2.0893	3.58E+00	4.34E-11
2.13796	3.58E+00	2.37E-11
2.18776	3.58E+00	1.30E-11
2.23872	3.58E+00	7.17E-12
2.29087	3.58E+00	3.97E-12
2.34423	3.57E+00	2.21E-12
2.39883	3.57E+00	1.24E-12
2.45471	3.57E+00	6.95E-13
2.51189	3.57E+00	3.93E-13
2.5704	3.57E+00	2.24E-13
2.63027	3.57E+00	1.28E-13
2.69153	3.57E+00	7.37E-14
2.75423	3.56E+00	4.27E-14
2.81838	3.56E+00	2.49E-14
2.88403	3.56E+00	1.46E-14
2.95121	3.56E+00	8.65E-15
3.01995	3.56E+00	5.15E-15
3.0903	3.56E+00	3.09E-15
3.16228	3.56E+00	1.86E-15
3.23594	3.56E+00	1.13E-15
3.31131	3.56E+00	6.94E-16
3.38844	3.56E+00	4.28E-16
3.46737	3.55E+00	2.65E-16
3.54813	3.55E+00	1.66E-16
3.63078	3.55E+00	1.05E-16
3.71535	3.55E+00	6.63E-17
3.80189	3.55E+00	4.24E-17
3.89045	3.55E+00	2.73E-17
3.98107	3.55E+00	1.77E-17
4.0738	3.55E+00	1.15E-17
4.16869	3.55E+00	8.77E-18
4.2658	3.55E+00	4.18E-14
4.36516	3.54E+00	2.97E-10
4.46684	3.54E+00	3.47E-07
4.57088	3.54E+00	5.70E-05
4.67735	3.54E+00	1.42E-03
4.7863	3.53E+00	7.44E-03
4.89779	3.53E+00	2.30E-02
5.01187	3.55E+00	3.92E-02
5.12861	3.57E+00	1.75E-02
5.24807	3.56E+00	1.93E-03
5.37032	3.55E+00	5.73E-05
5.49541	3.55E+00	4.97E-07
5.62341	3.55E+00	1.38E-09
5.7544	3.55E+00	1.33E-12
5.88844	3.55E+00	4.78E-16
6.0256	3.55E+00	9.24E-20
6.16595	3.54E+00	1.67E-20
6.30957	3.54E+00	1.24E-20
6.45654	3.54E+00	9.18E-21
6.60693	3.54E+00	6.86E-21
6.76083	3.54E+00	5.15E-21
6.91831	3.54E+00	3.89E-21
7.07946	3.54E+00	2.95E-21
7.24436	3.54E+00	2.35E-21
7.4131	3.54E+00	2.95E-20
7.58578	3.54E+00	4.82E-18
7.76247	3.54E+00	5.26E-16
7.94328	3.54E+00	3.71E-14
8.12831	3.54E+00	1.74E-12
8.31764	3.53E+00	5.53E-11
8.51138	3.53E+00	1.22E-09
8.70964	3.53E+00	1.91E-08
8.91251	3.53E+00	2.17E-07
9.12011	3.53E+00	1.82E-06
9.33254	3.53E+00	1.15E-05
9.54993	3.53E+00	5.56E-05
9.77237	3.52E+00	2.10E-04
10	3.52E+00	6.30E-04
10.2329	3.52E+00	1.53E-03
10.4713	3.52E+00	3.04E-03
10.7152	3.51E+00	5.04E-03
10.9648	3.51E+00	7.08E-03
11.2202	3.51E+00	8.52E-03
11.4815	3.51E+00	8.92E-03
11.749	3.51E+00	8.25E-03
12.0226	3.50E+00	6.94E-03
12.3027	3.50E+00	5.81E-03
12.5893	3.49E+00	6.10E-03
12.8825	3.47E+00	9.54E-03
13.1826	3.46E+00	1.85E-02
13.4896	3.44E+00	3.56E-02
13.8038	3.43E+00	6.22E-02
14.1254	3.43E+00	9.74E-02
14.4544	3.44E+00	1.36E-01
14.7911	3.46E+00	1.71E-01
15.1356	3.50E+00	1.95E-01
15.4882	3.55E+00	2.03E-01
15.8489	3.59E+00	1.94E-01
16.2181	3.63E+00	1.72E-01
16.5959	3.65E+00	1.42E-01
16.9824	3.67E+00	1.10E-01
17.378	3.67E+00	8.03E-02
17.7828	3.66E+00	5.55E-02
18.197	3.65E+00	3.66E-02
18.6209	3.64E+00	2.39E-02
19.0546	3.63E+00	1.71E-02
19.4984	3.61E+00	1.59E-02
19.9526	3.61E+00	1.91E-02
20.4174	3.60E+00	2.44E-02
20.893	3.60E+00	2.87E-02
21.3796	3.61E+00	2.94E-02
21.8776	3.61E+00	2.61E-02
22.3872	3.61E+00	2.01E-02
22.9087	3.61E+00	1.35E-02
23.4423	3.61E+00	8.03E-03
23.9883	3.61E+00	4.24E-03
24.5471	3.60E+00	2.01E-03
25.1189	3.60E+00	8.59E-04
25.704	3.60E+00	3.35E-04
26.3027	3.59E+00	1.20E-04
26.9153	3.59E+00	3.94E-05